spawns:
  default:
    world: 49c8348d-6db4-41ed-a0e5-f8f2087d74b2
    world-name: world
    x: -172.34036308257862
    y: 58.0
    z: 92.42062260192502
    yaw: 262.09027099609375
    pitch: 87.7499771118164
